+-------------+-------------+-------------+
| [7]  6   2  | [9]  1  [4] | [3]  8  [5] |
|  1   8  [5] |  6  [7] [3] |  4  [2]  9  |
| [4]  3  [9] |  2   5   8  |  7  [6]  1  |
+-------------+-------------+-------------+
|  5  [1]  8  | [3]  6   7  |  9  [4] [2] |
|  2  [7]  6  | [4] [9] [1] |  5   3   8  |
| [9] [4]  3  |  8   2   5  | [1]  7  [6] |
+-------------+-------------+-------------+
|  6   2  [7] | [1] [4]  9  | [8]  5   3  |
| [3] [9]  4  |  5   8  [2] | [6]  1   7  |
|  8   5  [1] |  7  [3]  6  |  2  [9] [4] |
+-------------+-------------+-------------+

