+-------------+-------------+-------------+
| [6]  7  [3] | [9] [1]  5  |  2  [8] [4] |
|  8   1  [4] | [2]  6  [7] | [5] [3] [9] |
| [2] [5] [9] |  4   8  [3] |  7  [6]  1  |
+-------------+-------------+-------------+
| [4] [8]  1  |  3  [7]  6  | [9] [2]  5  |
|  3  [6]  7  | [5]  2  [9] | [1]  4  [8] |
| [9] [2]  5  | [8] [4]  1  | [6]  7   3  |
+-------------+-------------+-------------+
|  1   4  [8] | [7] [5]  2  | [3]  9  [6] |
| [7] [3] [6] | [1]  9  [4] |  8  [5]  2  |
|  5  [9]  2  |  6  [3] [8] | [4] [1] [7] |
+-------------+-------------+-------------+

